0 1260 401 96 187 285 368 56 141 0 430 94 340 200 403 119 305 305 407 99 290 113 400 114 334 425 383 105 291 
1 1260 401 96 187 285 368 56 141 0 430 94 340 200 403 119 305 305 407 99 290 113 400 114 334 425 383 105 291 
2 1260 403 98 185 287 364 55 151 1 433 97 337 207 408 113 304 307 409 102 291 116 403 117 338 428 382 105 294 
3 1260 404 98 184 190 369 79 108 289 366 56 151 2 433 98 339 210 408 113 310 309 408 103 293 118 401 118 343 431 381 108 296 
4 1260 405 98 182 191 370 79 105 291 367 57 146 0 435 101 336 310 411 105 291 209 414 117 302 118 406 121 336 434 380 109 299 
5 1261 404 97 184 296 372 58 131 195 371 77 102 314 430 118 255 214 414 113 302 0 434 104 339 120 405 122 339 438 379 108 298 
6 1261 403 98 184 298 373 56 137 198 371 75 104 317 433 114 258 216 412 109 305 3 434 103 339 121 406 121 340 443 380 104 296 
7 304 373 61 130 1262 404 96 184 204 370 72 105 319 436 114 256 219 414 106 302 3 435 103 338 120 398 124 355 442 383 110 294 
8 1261 404 97 184 207 372 71 102 305 371 61 133 320 436 116 253 218 415 106 302 3 434 105 338 122 396 125 354 445 384 111 292 
9 1262 404 97 184 210 372 70 101 304 370 64 133 220 414 110 305 3 435 106 335 326 436 112 258 124 396 127 357 447 381 115 299 
10 1263 403 96 185 214 372 67 101 307 364 69 120 222 412 113 311 2 431 112 343 331 434 110 263 129 392 129 363 450 381 116 299 
11 123 362 65 112 1264 403 95 185 217 372 65 101 306 365 69 143 222 411 117 317 333 435 114 263 2 431 115 345 452 381 117 301 131 398 134 360 
12 1264 403 96 184 220 370 63 106 124 360 64 120 308 365 68 142 224 407 119 325 334 431 117 265 0 430 122 348 459 376 125 310 135 395 135 362 
13 1265 404 95 182 220 371 62 104 126 360 64 120 312 366 64 141 243 420 121 306 0 431 131 349 336 429 115 268 140 390 132 371 461 377 124 311 
14 1266 404 94 184 224 371 76 104 127 359 66 121 315 363 62 147 245 423 116 299 0 433 163 344 146 388 126 372 336 429 122 270 461 377 133 312 
15 1265 404 95 183 128 360 67 121 226 372 74 106 208 397 106 344 320 364 60 150 248 416 113 308 151 392 119 362 340 430 118 271 0 428 170 357 466 377 140 314 
16 1254 399 122 220 230 374 71 104 322 364 58 150 2 429 164 356 152 396 117 355 344 430 118 274 250 417 113 309 472 376 137 316 
17 1255 399 121 221 238 374 66 104 323 363 61 153 153 391 123 364 349 433 120 276 477 376 138 317 2 442 166 350 252 418 115 309 
18 1265 403 95 184 244 374 63 103 327 365 62 148 255 419 121 307 352 433 123 275 481 376 133 319 2 442 170 351 169 401 117 361 
19 132 359 72 164 1266 403 95 183 248 372 59 127 331 369 60 144 485 376 132 320 255 420 130 306 352 430 124 277 3 442 169 351 171 408 115 347 
20 1266 404 95 182 131 362 72 159 252 372 61 126 333 370 60 146 258 420 137 310 488 377 129 319 354 429 124 280 5 444 166 347 171 413 119 337 
21 1266 403 94 184 327 371 74 140 256 371 64 108 127 361 74 159 267 419 133 310 356 434 123 278 9 441 162 353 495 379 127 313 173 413 131 340 
22 1267 403 94 183 336 375 70 129 259 371 61 105 123 356 74 166 276 414 127 319 366 433 122 281 15 440 160 359 493 393 133 300 181 411 131 343 
23 1267 404 94 182 340 375 66 128 260 371 61 107 119 357 76 177 279 415 128 322 372 432 122 283 506 377 122 317 19 441 158 359 184 413 132 340 
24 1268 403 94 183 262 369 74 109 116 355 77 180 342 375 65 130 375 431 119 287 282 421 123 314 24 444 151 354 509 393 118 300 187 416 134 337 
25 1 465 50 379 1268 402 93 184 265 371 68 105 342 371 68 138 377 428 116 293 40 415 131 378 288 419 116 319 517 377 112 318 190 408 131 354 
26 114 359 75 174 1268 403 93 183 184 389 55 135 1 463 50 384 267 372 64 104 348 369 64 140 33 445 135 357 391 445 119 264 293 416 110 327 517 380 113 311 192 403 130 371 
27 0 452 30 364 179 403 56 139 1268 404 93 183 269 373 62 102 0 464 52 386 352 368 62 142 113 353 60 133 34 446 141 356 295 415 111 333 397 443 113 266 519 381 114 309 195 398 127 382 
28 186 389 56 138 1258 394 114 229 279 374 45 124 356 367 60 141 0 469 51 385 116 354 54 134 299 412 109 337 33 443 151 368 402 441 108 270 522 382 116 309 200 394 125 395 
29 180 406 61 143 363 367 58 137 281 375 47 120 1259 396 115 226 117 354 52 133 0 468 57 392 303 413 105 330 40 441 146 383 536 391 114 306 407 438 105 272 198 393 132 395 
30 282 377 50 117 181 406 60 147 1258 396 114 227 365 368 61 115 0 470 58 386 306 414 109 328 42 439 142 385 408 435 106 276 537 387 113 314 201 397 138 389 
31 1257 395 116 228 368 369 59 112 283 377 52 119 183 407 59 152 0 474 57 380 320 414 112 318 43 435 149 395 409 432 109 280 540 386 114 318 203 399 139 390 
32 112 364 61 152 368 369 60 111 1259 397 116 226 284 376 55 119 198 405 53 149 0 473 56 384 320 417 114 313 45 431 156 406 410 430 111 284 204 402 140 383 545 390 114 313 
33 106 365 69 149 1258 395 116 228 367 368 64 111 285 378 58 115 197 407 59 152 0 475 58 383 323 417 111 317 49 433 158 404 210 409 138 367 409 427 117 291 550 393 114 308 
34 104 362 61 119 366 368 68 108 267 406 113 356 1258 396 116 228 289 380 60 109 198 406 57 153 0 475 60 381 324 414 109 326 213 409 135 371 53 427 159 417 409 426 119 300 554 394 114 309 
35 382 372 57 131 1259 396 116 227 291 381 64 107 198 403 59 160 0 471 66 383 216 409 135 369 327 420 108 322 56 430 161 415 412 426 119 299 556 393 114 315 
36 101 363 61 113 1258 394 115 231 291 382 65 109 384 373 57 132 200 402 58 169 0 466 68 382 220 414 134 358 328 420 110 321 55 433 164 408 414 429 119 299 558 392 113 317 
37 99 364 62 108 1259 397 116 226 291 381 67 108 384 374 62 135 201 400 58 174 0 461 73 387 221 420 132 346 59 436 159 404 328 424 117 322 425 434 111 289 563 391 111 313 
38 100 362 60 108 290 380 69 112 1260 398 115 226 384 371 66 137 203 397 59 184 0 456 76 390 328 425 124 329 240 420 121 346 430 437 108 286 58 435 160 405 567 389 110 315 
39 99 362 62 107 1260 395 116 229 386 370 67 139 206 397 60 182 0 454 80 395 57 434 168 403 329 426 132 333 434 439 109 282 570 390 110 313 240 419 124 356 
40 1259 396 116 228 208 397 59 184 389 370 67 138 0 449 84 403 71 448 169 371 332 426 131 337 435 442 111 283 572 389 110 315 239 419 132 362 
41 1259 396 117 229 396 372 62 136 209 395 63 194 0 446 90 409 577 388 112 316 72 448 173 370 436 445 112 282 336 428 129 334 241 425 135 353 
42 309 378 57 113 1258 396 118 228 402 372 61 134 211 394 65 193 0 449 102 407 440 445 112 284 81 448 171 376 579 386 116 321 337 428 131 333 244 426 139 346 
43 1257 396 119 228 213 396 68 184 399 371 76 133 0 451 105 410 90 440 168 388 448 444 110 290 345 429 128 331 583 387 120 318 249 424 140 349 
44 1257 397 119 227 214 397 71 179 400 368 77 137 0 455 108 411 99 439 163 399 348 423 125 335 450 440 111 295 587 385 121 324 250 422 145 352 
45 1257 398 120 227 96 360 59 115 408 367 75 140 97 437 197 418 0 459 112 411 355 422 117 335 451 436 115 303 589 385 124 327 254 420 150 364 
46 322 383 48 60 94 362 58 114 411 368 71 137 0 458 116 411 100 439 197 413 359 418 113 344 452 433 116 307 590 386 130 328 252 418 157 370 
47 233 404 59 148 93 362 58 117 413 370 70 133 450 431 119 312 0 456 117 412 366 407 109 359 106 445 196 405 596 389 147 331 250 417 167 376 
48 232 405 64 149 92 361 57 122 418 371 66 133 464 440 123 297 374 407 105 364 0 454 119 419 117 445 173 405 253 414 166 382 593 389 158 335 
49 1258 401 120 225 92 361 55 125 419 371 68 133 377 406 106 377 0 451 120 422 119 444 172 410 260 410 158 389 466 438 126 301 595 387 166 339 
50 420 421 110 335 242 369 55 298 218 407 96 236 236 411 71 144 420 370 71 134 91 361 56 125 121 445 167 408 380 405 105 386 0 449 119 422 270 406 146 398 470 439 125 305 603 391 162 335 
51 1269 416 138 205 239 410 72 150 244 361 59 319 423 370 71 133 90 359 57 130 379 407 114 384 125 445 166 406 278 406 139 397 0 448 119 421 468 434 133 316 612 393 153 334 
52 1271 415 136 208 427 372 76 128 248 371 58 301 89 356 55 137 389 413 131 361 286 403 128 402 129 442 157 407 0 449 119 419 469 432 138 321 618 393 147 336 
53 1271 415 137 208 428 370 78 132 248 376 60 290 87 355 56 139 392 419 126 356 289 420 132 398 134 442 152 405 0 448 124 428 469 434 141 322 622 392 141 341 
54 1272 415 137 208 237 388 94 244 424 369 80 112 85 354 58 140 297 404 121 398 135 445 155 400 398 418 115 362 0 448 126 430 472 434 139 326 627 392 138 342 
55 1272 416 136 207 427 367 89 139 236 384 96 241 85 354 58 141 298 409 126 387 399 417 120 364 151 451 161 385 0 451 125 438 478 434 141 325 630 393 137 342 
56 428 368 90 136 1272 416 137 206 251 398 78 164 85 353 58 144 402 411 124 373 313 403 122 403 156 448 159 384 0 451 127 445 636 393 135 342 484 436 140 327 
57 251 399 80 160 1272 417 137 205 425 370 93 136 83 354 60 140 404 413 128 370 0 452 132 451 157 447 160 383 489 441 144 321 641 393 134 336 315 409 122 392 
58 238 389 102 244 1273 416 135 205 428 370 85 109 83 356 59 137 0 450 140 457 404 416 134 363 154 450 163 383 490 444 153 317 643 392 136 333 314 415 127 378 
59 1273 414 134 207 238 393 107 249 82 356 61 139 0 449 159 461 410 408 129 371 156 451 161 385 500 447 145 313 316 421 136 367 650 386 134 345 
60 1274 414 134 206 434 369 76 106 260 384 86 279 80 356 66 139 2 462 164 457 156 443 167 402 415 412 129 366 507 444 145 317 325 423 135 393 656 383 128 347 
61 435 371 72 102 264 386 82 279 76 359 61 129 0 463 175 458 147 434 196 423 423 410 121 369 518 441 133 322 331 419 133 404 664 381 120 349 
62 1273 415 135 205 267 386 81 283 75 358 62 132 148 436 192 429 0 463 179 460 430 414 116 359 527 440 139 318 337 423 129 402 665 380 120 352 
63 1276 411 92 168 269 387 82 282 74 359 65 131 163 447 163 415 0 463 184 460 433 419 116 356 340 426 129 406 529 437 139 320 670 384 121 350 
64 1276 409 93 171 269 388 83 281 73 360 66 128 440 413 107 369 167 452 159 412 0 463 184 460 535 436 129 321 680 394 124 346 339 426 132 407 
65 272 392 84 269 73 359 64 128 447 413 104 368 162 443 183 433 0 463 185 461 680 395 124 346 542 436 122 321 337 431 134 405 
66 353 381 73 116 273 396 86 264 72 360 65 126 449 412 110 372 163 446 183 431 0 461 185 464 549 436 119 321 340 430 134 407 679 398 130 346 
67 1276 407 93 174 355 382 72 121 274 396 89 262 70 359 65 126 167 451 185 428 453 408 114 378 0 461 187 464 343 432 138 406 553 436 117 318 682 398 131 348 
68 1277 407 93 175 355 381 72 121 276 395 93 261 69 357 65 126 455 409 113 372 168 456 187 424 0 461 188 464 555 434 119 315 345 432 137 408 687 399 131 345 
69 1277 406 94 176 357 382 73 121 277 397 95 260 65 357 64 122 453 417 138 351 170 454 188 427 0 458 194 469 351 431 135 411 554 431 122 328 692 397 129 351 
70 355 383 81 122 62 354 66 119 276 396 98 261 461 424 129 350 182 459 164 424 4 446 185 469 351 432 143 409 556 431 123 338 697 396 127 357 
71 356 380 81 126 61 352 66 113 279 391 96 274 175 460 185 425 465 421 121 356 6 440 186 480 360 429 135 415 560 430 124 343 700 394 126 362 
72 1277 402 94 181 355 379 84 129 59 351 70 113 284 391 97 271 178 462 185 422 470 424 116 355 8 438 182 487 564 433 125 337 361 427 137 421 704 393 124 361 
73 497 370 78 134 358 376 82 135 373 373 83 98 59 351 70 111 287 393 98 261 472 420 118 362 11 434 182 493 189 463 168 415 568 435 125 335 364 430 137 409 706 394 125 353 
74 368 378 86 120 501 369 81 142 58 350 71 108 291 393 97 257 471 419 128 367 14 430 183 504 194 464 169 416 574 440 123 327 368 430 137 406 705 393 132 357 
75 1278 402 93 182 372 381 79 116 500 370 87 141 57 351 72 106 294 391 97 262 475 438 130 362 194 461 170 422 16 437 196 515 367 418 143 419 578 443 120 320 710 389 132 361 
76 1287 404 96 180 374 381 80 119 500 371 91 136 297 391 99 257 56 351 72 107 475 438 135 361 195 461 169 420 21 438 201 517 580 441 119 325 381 412 133 433 713 387 136 367 
77 1287 404 96 179 378 383 73 122 306 389 97 259 56 352 71 109 480 408 134 386 195 462 180 424 23 442 208 511 582 441 118 325 716 390 140 364 385 417 132 428 
78 1287 403 96 181 382 383 67 121 307 387 98 268 55 352 72 112 193 459 187 430 483 412 138 379 27 446 208 509 588 441 118 325 719 391 140 358 387 424 138 421 
79 1277 400 94 186 387 382 64 125 54 353 74 118 305 390 105 269 213 433 190 451 487 410 134 383 28 452 210 501 594 439 120 329 393 435 145 405 725 391 139 357 
80 1277 400 95 186 390 381 64 130 305 389 109 276 55 352 72 125 221 437 185 455 490 406 131 389 599 430 119 345 31 455 208 499 402 436 143 404 731 390 139 361 
81 1276 402 95 183 394 380 65 134 304 389 113 278 491 434 129 378 54 352 67 125 225 446 187 450 603 433 133 340 404 440 153 399 37 460 202 492 738 391 134 361 
82 396 376 67 139 1276 401 96 185 488 433 138 386 303 389 116 277 52 354 65 123 234 453 160 445 406 440 161 401 40 466 199 481 606 428 131 349 749 401 142 354 
83 1285 401 99 184 495 431 142 392 302 387 121 280 51 354 61 123 409 442 164 401 233 461 160 434 52 462 209 490 610 432 137 342 746 399 156 356 
84 399 379 73 138 1275 402 97 182 500 433 144 388 326 381 116 292 414 441 163 398 50 354 61 125 240 459 155 439 56 461 202 492 614 431 137 346 754 400 165 356 
85 1285 403 100 180 417 382 68 128 522 428 167 386 327 384 115 288 49 352 58 125 419 441 160 398 243 460 158 437 57 460 200 490 617 426 136 356 760 400 166 358 
86 524 367 89 113 1285 403 101 181 416 383 71 133 325 389 116 278 49 353 57 123 526 432 157 384 249 455 156 447 422 440 159 402 56 460 204 491 619 424 136 363 769 399 161 361 
87 1285 401 101 183 529 367 84 111 486 431 148 410 416 381 74 138 327 389 114 277 47 355 58 121 253 450 153 459 534 435 141 387 426 438 155 407 621 424 135 365 57 455 204 503 775 399 154 366 
88 1286 401 99 184 534 371 77 132 419 377 75 147 329 389 113 279 47 357 58 122 545 434 128 383 258 452 149 454 433 428 154 421 626 425 138 364 58 455 206 507 779 398 152 372 
89 427 381 87 261 1286 401 99 184 423 377 76 155 539 370 69 134 338 390 106 277 46 356 61 124 551 438 124 376 264 454 151 446 448 429 158 426 632 427 146 362 61 454 208 512 781 394 155 379 
90 1285 400 100 185 424 383 71 189 341 390 104 278 543 368 63 137 39 354 62 127 553 440 132 384 624 437 162 363 266 447 147 457 451 432 158 421 61 455 206 521 781 394 158 381 
91 426 387 70 182 1285 400 100 185 547 366 67 142 342 392 101 270 564 443 124 374 38 355 62 124 629 434 162 368 267 447 147 454 452 432 162 416 65 456 203 533 784 396 156 374 
92 1286 401 100 183 345 392 103 264 551 367 66 113 424 374 79 297 568 438 120 379 37 357 62 122 270 442 147 467 637 435 166 370 463 434 159 407 67 459 200 536 795 393 147 378 
93 1285 401 101 185 348 406 78 152 348 392 102 258 554 366 62 112 571 434 121 384 423 375 82 298 271 445 148 463 36 355 64 125 648 435 158 371 478 432 149 409 69 459 198 537 806 390 140 385 
94 1286 401 100 185 351 404 78 159 557 365 74 110 349 391 96 260 576 432 115 385 423 379 87 297 269 443 150 501 658 435 169 366 35 356 65 125 482 431 146 418 74 465 198 539 812 387 135 392 
95 1286 401 100 183 560 365 69 111 353 404 76 159 349 391 98 259 425 380 88 294 579 429 113 395 33 355 67 127 273 441 149 509 486 424 144 437 662 431 168 375 81 467 194 550 823 385 133 388 
96 1285 401 102 184 567 367 59 111 356 402 75 162 351 391 100 251 432 380 90 292 585 426 108 408 30 354 68 127 276 441 151 513 492 418 137 453 87 468 191 548 665 432 166 372 829 383 127 391 
97 1285 400 101 186 574 369 48 136 360 408 74 154 353 394 103 240 440 383 89 281 594 425 102 418 29 353 66 129 282 446 148 514 493 418 140 459 90 468 193 553 670 434 158 367 833 384 129 393 
98 1286 401 100 185 578 370 48 132 361 409 74 153 355 395 104 235 596 426 103 418 442 384 91 281 27 351 65 131 496 425 143 440 93 471 193 561 286 462 150 504 681 434 146 369 838 386 132 395 
99 1286 402 101 184 578 372 56 131 597 428 116 416 356 394 108 244 441 383 93 287 498 432 145 441 27 351 63 132 288 479 151 484 96 473 194 558 688 437 145 365 842 385 131 408 
100 1286 402 100 184 583 368 60 111 604 431 131 390 358 393 111 243 290 476 180 492 443 382 94 287 501 439 151 429 25 351 63 132 98 481 198 545 694 441 140 357 846 383 130 413 
101 1286 403 100 183 567 428 135 430 586 368 61 111 358 393 117 245 613 441 123 381 444 380 102 290 292 478 178 493 24 351 61 131 506 441 152 425 101 482 200 543 698 441 135 361 847 386 133 416 
102 1286 401 100 186 589 366 62 113 360 393 120 241 446 377 107 290 618 444 123 381 23 352 61 131 291 478 183 488 509 441 152 427 102 483 205 539 703 439 133 367 850 388 133 412 
103 1287 402 100 184 581 366 80 142 363 392 119 244 450 376 106 291 622 446 118 393 23 351 60 134 510 447 153 427 296 473 175 495 105 484 207 538 708 435 130 382 853 390 135 415 
104 602 368 61 141 1287 402 99 185 364 395 121 243 20 351 63 134 451 372 111 298 625 451 120 397 521 434 152 457 296 476 180 488 102 483 218 537 712 435 130 384 858 394 132 408 
105 1287 402 99 185 607 367 61 148 365 391 122 245 450 374 113 296 628 452 125 399 17 351 66 131 527 438 148 449 299 478 184 487 118 478 226 540 718 435 128 383 864 391 132 406 
106 1288 402 99 185 608 368 66 145 364 392 124 241 630 452 123 394 17 353 65 129 531 442 148 441 449 375 115 297 302 477 183 483 720 438 133 375 119 477 232 534 868 392 133 407 
107 1289 402 98 184 392 411 74 151 366 392 122 238 612 369 68 143 634 452 122 398 16 353 64 131 536 447 153 426 307 477 184 484 449 378 114 300 724 436 139 382 120 480 242 532 875 387 131 415 
108 1288 401 98 186 393 407 77 152 371 389 118 237 609 366 79 149 638 458 129 397 475 371 95 305 16 354 63 130 312 478 184 485 525 435 195 460 124 478 240 541 733 436 140 392 883 383 130 428 
109 1289 400 96 188 393 406 80 152 605 366 90 146 371 392 123 235 640 451 127 400 16 357 61 128 481 375 84 307 314 479 192 488 526 438 195 457 737 441 138 389 129 478 244 546 886 382 134 432 
110 424 387 114 275 1290 400 96 187 395 403 82 156 614 364 83 146 373 393 123 232 17 356 59 130 646 447 125 404 533 441 193 452 138 474 260 557 319 482 201 483 481 376 85 307 746 445 141 380 894 384 140 416 
111 394 399 85 160 1291 401 95 186 373 397 124 227 616 363 80 120 16 358 57 125 651 442 119 406 142 491 274 550 483 379 84 307 537 441 191 453 321 481 208 491 750 443 135 386 895 391 144 409 
112 1291 401 95 188 614 363 85 118 390 398 90 158 15 358 57 126 658 436 119 425 484 378 86 310 539 431 185 472 323 485 220 488 146 488 274 558 898 391 149 410 752 442 137 392 
113 395 400 86 155 1291 400 95 189 613 361 91 153 15 358 54 126 668 431 115 434 486 382 92 302 147 495 315 545 331 481 246 498 544 434 184 468 763 442 129 394 909 389 141 416 
114 412 405 76 157 1292 399 94 190 614 364 91 149 680 449 144 402 14 359 54 126 489 380 96 308 543 432 195 473 156 493 302 548 340 485 249 500 769 444 125 395 915 383 142 431 
115 635 367 76 147 1292 400 94 190 419 410 76 155 409 396 101 238 680 454 139 403 14 359 53 125 497 380 99 305 548 435 205 471 344 497 260 486 165 496 287 545 771 447 131 390 923 379 147 435 
116 1292 400 94 188 614 362 93 157 409 398 104 230 685 456 140 404 12 357 52 128 568 436 232 471 499 377 106 310 355 501 241 486 170 491 282 553 774 442 133 387 929 384 149 427 
117 1292 401 95 187 414 399 107 224 11 358 53 125 693 459 134 410 497 377 110 309 935 380 176 442 361 502 241 491 575 444 230 463 182 492 267 552 781 438 134 397 
118 1292 400 95 189 629 368 93 144 419 400 111 220 11 358 54 126 698 460 137 412 501 378 110 304 197 489 252 557 370 504 230 489 589 443 227 468 788 436 135 396 937 384 207 442 
119 1292 399 95 191 630 366 99 147 421 405 94 147 705 463 134 409 10 358 55 127 502 380 116 292 203 491 241 552 375 498 221 501 588 447 226 466 937 388 214 438 787 434 144 409 
120 1292 401 95 188 422 405 96 147 631 367 100 147 718 462 126 404 8 354 49 128 509 380 124 297 206 490 236 553 384 501 214 499 592 446 221 469 944 393 208 430 795 438 149 409 
121 1293 401 95 190 425 405 95 145 635 367 99 146 726 459 123 419 7 353 49 129 513 378 120 305 213 492 230 551 392 503 203 497 801 442 153 418 603 441 199 475 956 407 193 421 
122 432 398 118 214 1294 401 94 190 731 457 120 414 640 370 92 139 7 352 50 130 513 377 122 309 612 438 188 480 219 491 219 551 811 448 174 393 396 499 199 498 961 404 189 429 
123 1295 400 93 191 440 405 94 147 643 367 92 146 739 449 113 428 6 351 51 131 819 449 172 395 516 380 129 299 617 439 184 480 229 489 213 562 406 490 189 511 966 403 183 432 
124 1297 399 91 191 444 403 99 148 750 446 106 424 648 366 87 147 6 351 51 131 513 380 137 297 826 456 165 393 966 396 185 448 235 487 211 572 620 435 184 485 412 484 183 521 
125 1297 400 91 190 449 404 99 146 652 365 85 149 757 453 133 420 4 348 52 134 837 459 158 391 972 392 180 458 533 367 125 334 623 439 178 480 235 492 218 570 416 485 177 522 
126 1298 399 90 190 453 401 97 149 655 363 103 146 755 458 135 415 3 347 54 135 427 491 201 512 847 460 166 393 993 379 161 478 537 372 123 324 627 447 181 495 238 494 218 573 
127 1297 400 91 190 453 399 103 151 661 365 101 143 2 343 54 137 758 454 131 430 433 490 196 518 642 447 165 492 851 458 168 401 538 377 125 315 243 496 220 567 1002 375 156 484 
128 1299 400 90 190 452 395 105 163 667 363 95 149 0 342 56 138 433 506 198 526 647 446 162 493 764 447 121 446 535 384 134 322 856 453 168 406 249 502 272 558 1010 370 150 494 
129 1299 399 91 189 454 394 102 169 674 365 88 147 0 341 55 139 671 444 172 501 772 444 112 451 440 506 192 527 536 386 138 319 250 502 274 563 859 450 164 413 1018 362 149 510 
130 1299 399 89 189 457 397 99 168 0 339 53 141 778 447 116 447 677 366 87 150 538 389 142 315 442 507 199 531 1020 372 154 490 254 509 271 553 671 443 178 510 859 450 168 413 
131 1299 400 89 188 462 398 95 175 0 340 52 138 783 453 122 438 682 370 87 150 546 390 132 283 444 508 206 530 1008 389 175 460 261 510 259 549 670 441 186 520 869 449 165 415 
132 0 340 51 138 683 369 91 153 458 397 136 213 550 392 132 277 789 454 121 438 1039 389 147 458 457 509 195 535 268 503 240 563 677 440 175 529 879 448 151 415 
133 793 458 120 428 0 340 52 139 686 368 94 156 556 393 126 269 465 399 134 210 464 512 189 539 272 501 226 566 1043 394 152 456 678 452 191 529 894 450 147 407 
134 0 341 52 138 794 458 126 431 560 390 136 270 469 400 128 206 696 373 97 142 1054 398 153 452 272 500 230 562 467 514 196 537 679 454 199 540 898 450 146 405 
135 1299 403 90 185 802 458 121 429 0 340 53 139 563 386 134 265 473 404 126 203 705 372 88 147 1056 390 168 476 275 497 231 569 686 449 199 548 474 513 192 540 903 453 148 399 
136 1299 403 91 186 805 461 121 423 0 339 52 141 474 408 125 198 564 382 135 259 709 372 88 156 1062 391 169 480 278 495 231 581 689 448 197 553 477 507 190 551 913 454 141 402 
137 1299 403 91 186 807 472 131 460 0 341 51 139 476 409 124 196 569 383 133 259 714 372 89 157 695 456 193 535 285 494 225 578 481 508 192 552 1071 398 152 462 918 458 138 403 
138 1273 403 143 221 813 471 130 467 479 409 123 193 0 341 49 140 573 385 127 254 717 370 90 165 289 496 225 576 1067 391 172 485 703 459 178 529 477 513 200 542 922 458 135 413 
139 1300 403 91 184 485 411 119 196 0 342 45 140 820 447 141 498 576 382 122 252 719 368 91 171 708 462 173 527 1072 391 180 488 483 511 196 540 289 496 234 578 928 464 135 404 
140 1302 404 89 181 492 411 117 198 832 445 125 499 0 343 44 138 721 363 95 181 583 382 120 261 1083 422 156 429 935 465 140 404 717 464 169 520 503 503 202 553 291 500 243 574 
141 841 460 124 418 0 344 42 138 720 364 113 190 492 408 116 199 586 391 127 263 732 465 212 513 938 465 146 404 508 502 203 554 1093 396 206 471 298 506 240 564 
142 846 460 128 408 0 344 40 139 724 364 115 191 494 407 115 202 587 393 131 259 736 465 221 514 1099 396 202 467 942 466 148 408 511 506 209 549 305 505 240 567 
143 851 466 133 392 0 343 40 140 733 363 99 185 499 406 111 204 584 395 138 251 944 466 154 415 739 461 221 522 1102 394 205 468 522 510 208 540 308 505 241 564 
144 1303 405 91 179 728 374 117 223 0 344 37 140 854 465 133 399 584 400 138 236 504 407 112 202 954 469 141 414 742 462 215 516 1112 393 192 477 529 510 213 536 310 501 247 574 
145 1291 413 144 208 743 361 97 192 613 403 115 239 0 343 37 142 863 457 128 426 509 406 115 204 963 471 155 438 1124 384 173 492 535 506 218 546 747 462 206 519 313 501 278 581 
146 1303 403 91 182 738 366 122 189 864 473 133 451 0 345 38 141 615 403 116 238 512 403 116 211 977 469 140 421 537 510 234 550 1135 383 166 497 756 460 193 520 315 506 280 583 
147 1294 418 147 206 1306 404 88 183 876 467 129 474 742 371 112 248 0 345 38 141 620 398 114 237 515 402 116 219 984 463 138 426 541 503 276 577 1146 384 169 493 759 453 198 535 318 511 277 576 
148 1307 404 86 181 879 467 201 472 747 372 107 266 0 345 37 139 625 396 113 234 521 403 110 221 995 453 133 442 1156 385 168 492 765 457 197 536 550 515 276 562 329 509 264 578 
149 1310 404 83 175 748 372 111 250 0 345 38 138 884 466 184 485 630 393 109 219 524 403 107 225 1001 446 129 463 769 461 196 545 1161 389 174 489 339 509 259 577 553 517 276 556 
150 750 376 136 215 0 344 37 140 528 404 103 234 632 394 113 213 807 465 234 536 1002 450 138 451 1168 390 205 491 345 517 263 564 569 512 248 567 
151 0 344 37 140 762 375 124 210 531 407 101 242 636 391 116 206 999 459 153 466 800 470 252 536 1169 392 229 492 356 517 254 561 582 505 233 580 
152 538 394 97 339 0 342 37 144 769 370 113 222 642 383 120 219 1013 456 149 441 807 474 256 538 1173 396 249 492 589 506 233 577 367 521 253 550 
153 931 496 137 451 0 343 36 144 548 397 113 337 1022 452 149 450 647 376 125 221 776 371 105 229 596 512 228 571 813 472 252 547 1177 412 257 467 377 519 246 554 
154 0 344 36 142 552 412 113 237 1031 466 179 455 648 376 133 212 782 373 102 236 815 475 261 548 604 515 229 557 1189 410 250 476 386 524 242 544 
155 0 344 35 143 554 416 112 219 649 378 134 212 786 371 103 245 1033 451 188 494 823 466 241 564 608 514 227 555 1195 404 245 495 391 525 234 537 
156 0 341 32 146 559 415 115 222 790 367 110 272 649 384 146 209 1035 446 210 507 831 460 229 575 1200 404 240 502 615 516 224 552 391 520 238 540 
157 965 458 185 525 0 340 31 146 561 415 118 212 797 369 113 283 656 388 140 201 1039 450 218 503 844 455 203 582 617 523 223 539 1216 396 244 503 395 504 259 561 
158 0 341 30 147 987 469 126 499 662 388 140 202 567 414 122 209 802 364 111 324 1045 450 219 502 850 459 198 571 1225 390 235 510 633 521 228 546 398 509 258 549 
159 0 339 29 150 993 469 124 506 674 390 140 202 569 412 125 214 808 363 107 329 1054 458 218 492 855 463 193 565 1229 394 233 514 402 509 256 552 637 513 234 554 
160 0 339 29 150 1006 480 118 476 577 408 121 325 811 367 108 319 679 393 141 196 1079 474 219 468 1250 390 210 519 412 511 247 543 868 462 227 568 649 508 216 563 
161 0 337 28 148 1022 476 104 480 580 404 119 325 817 367 107 299 1082 466 216 482 683 393 141 197 419 514 250 542 1275 381 176 526 876 455 221 583 656 507 214 571 
